111 60
1101 4
1100 8
1011 16
1010 32
10011 12
10010 48
10001 20
10000 40
01111 28
01110 44
01101 52
01100 56
01011 1
01010 61
01001 2
01000 62
001111 24
001110 36
001101 3
001100 63
0010111 5
0010110 9
0010101 17
0010100 33
0010011 6
0010010 10
0010001 18
0010000 34
00011111 7
00011110 11
00011101 19
00011100 35
00011011 13
00011010 49
00011001 21
00011000 41
00010111 14
00010110 50
00010101 22
00010100 42
00010011 15
00010010 51
00010001 23
00010000 43
00001111 25
00001110 37
00001101 26
00001100 38
00001011 29
00001010 45
00001001 53
00001000 57
00000111 30
00000110 46
00000101 54
00000100 58
000000111 31
000000110 47
000000101 55
000000100 59
000000011 27
000000010 39
